1 1 0
2 1 1
13 11 2
35 22 3
79 44 4
167 88 5
237 70 6
311 74 7
389 78 8
469 80 9
550 81 10
631 81 11
712 81 12
794 82 13
876 82 14
958 82 15
1040 82 16
1122 82 17
1205 83 18
1288 83 19
1371 83 20
1454 83 21
1536 82 22
1620 84 23
1703 83 24
1786 83 25
1870 84 26
1954 84 27
2038 84 28
2123 85 29
2207 84 30
2292 85 31
2377 85 32
2463 86 33
2549 86 34
2635 86 35
2721 86 36
2807 86 37
2894 87 38
2981 87 39
3067 86 40
3154 87 41
3241 87 42
3329 88 43
3416 87 44
3504 88 45
3592 88 46
3680 88 47
3769 89 48
3858 89 49
