1 1 0
2 1 1
13 11 2
35 22 3
79 44 4
167 88 5
224 57 6
285 61 7
347 62 8
409 62 9
472 63 10
535 63 11
600 65 12
666 66 13
733 67 14
800 67 15
869 69 16
938 69 17
1007 69 18
1077 70 19
1148 71 20
1218 70 21
1290 72 22
1363 73 23
1436 73 24
1510 74 25
1583 73 26
1657 74 27
1732 75 28
1805 73 29
1880 75 30
1955 75 31
2031 76 32
2107 76 33
2184 77 34
2260 76 35
2337 77 36
2415 78 37
2492 77 38
2569 77 39
2647 78 40
2725 78 41
2803 78 42
2882 79 43
2962 80 44
3041 79 45
3120 79 46
3200 80 47
3281 81 48
3362 81 49
