1 1 0
2 1 1
13 11 2
35 22 3
79 44 4
167 88 5
245 78 6
323 78 7
402 79 8
484 82 9
566 82 10
649 83 11
733 84 12
817 84 13
903 86 14
990 87 15
1078 88 16
1167 89 17
1256 89 18
1347 91 19
1438 91 20
1529 91 21
1622 93 22
1716 94 23
1811 95 24
1907 96 25
2004 97 26
2102 98 27
2201 99 28
2301 100 29
2402 101 30
2504 102 31
2607 103 32
2710 103 33
2814 104 34
2920 106 35
3027 107 36
3135 108 37
3244 109 38
3354 110 39
3466 112 40
3579 113 41
3693 114 42
3807 114 43
3922 115 44
4039 117 45
4157 118 46
4277 120 47
4398 121 48
4520 122 49
