1 1 0
2 1 1
13 11 2
35 22 3
79 44 4
166 87 5
209 43 6
253 44 7
299 46 8
346 47 9
394 48 10
443 49 11
493 50 12
544 51 13
596 52 14
649 53 15
703 54 16
757 54 17
811 54 18
865 54 19
920 55 20
975 55 21
1028 53 22
1082 54 23
1136 54 24
1191 55 25
1245 54 26
1300 55 27
1354 54 28
1407 53 29
1461 54 30
1516 55 31
1570 54 32
1623 53 33
1674 51 34
1725 51 35
1776 51 36
1825 49 37
1873 48 38
1920 47 39
1966 46 40
2013 47 41
2057 44 42
2100 43 43
2142 42 44
2183 41 45
2223 40 46
2262 39 47
2300 38 48
2338 38 49
