1 1 0
2 1 1
13 11 2
35 22 3
79 44 4
167 88 5
243 76 6
321 78 7
400 79 8
480 80 9
561 81 10
643 82 11
723 80 12
806 83 13
889 83 14
972 83 15
1056 84 16
1141 85 17
1226 85 18
1311 85 19
1397 86 20
1484 87 21
1570 86 22
1658 88 23
1746 88 24
1835 89 25
1924 89 26
2014 90 27
2104 90 28
2194 90 29
2284 90 30
2376 92 31
2468 92 32
2561 93 33
2654 93 34
2748 94 35
2842 94 36
2937 95 37
3032 95 38
3127 95 39
3222 95 40
3317 95 41
3414 97 42
3511 97 43
3608 97 44
3707 99 45
3806 99 46
3906 100 47
4005 99 48
4106 101 49
