1 1 0
2 1 1
13 11 2
35 22 3
79 44 4
167 88 5
211 44 6
255 44 7
301 46 8
348 47 9
396 48 10
445 49 11
495 50 12
546 51 13
598 52 14
650 52 15
704 54 16
759 55 17
815 56 18
871 56 19
929 58 20
988 59 21
1047 59 22
1108 61 23
1169 61 24
1232 63 25
1296 64 26
1361 65 27
1427 66 28
1493 66 29
1560 67 30
1629 69 31
1699 70 32
1770 71 33
1841 71 34
1914 73 35
1988 74 36
2062 74 37
2137 75 38
2214 77 39
2291 77 40
2370 79 41
2450 80 42
2531 81 43
2612 81 44
2695 83 45
2778 83 46
2862 84 47
2948 86 48
3035 87 49
