1 1 0
2 1 1
13 11 2
35 22 3
79 44 4
166 87 5
210 44 6
255 45 7
301 46 8
347 46 9
394 47 10
443 49 11
493 50 12
543 50 13
595 52 14
648 53 15
701 53 16
755 54 17
809 54 18
863 54 19
918 55 20
973 55 21
1027 54 22
1081 54 23
1136 55 24
1190 54 25
1244 54 26
1298 54 27
1352 54 28
1406 54 29
1461 55 30
1515 54 31
1569 54 32
1622 53 33
1674 52 34
1726 52 35
1776 50 36
1825 49 37
1873 48 38
1920 47 39
1966 46 40
2010 44 41
2054 44 42
2097 43 43
2140 43 44
2181 41 45
2221 40 46
2260 39 47
2298 38 48
2336 38 49
