0-> 13 20 0.0
1-> 7 20 0.0
2-> 14 20 0.0
3-> 15 20 0.0
4-> 13 20 1.4793756076643243
5-> 13 20 0.26082026547865056
6-> 14 20 1.8844040456313036
7-> 14 20 0.02773500981126146
8-> 12 20 0.015879380470855783
9-> 14 20 0.014354083471034638
10-> 11 20 0.0046613441150821265
11-> 11 20 0.005449716020274644
12-> 12 20 0.018260168453719874
13-> 9 20 0.03669670155918357
14-> 11 20 0.02107906632165809
15-> 9 20 0.010822866994348831
16-> 12 20 0.006454300145662315
17-> 13 20 0.007709874072096789
18-> 12 20 0.012599252239085734
19-> 13 20 0.008891891548303969
